Subreddit	MRC_A_0	MRC_A_1	MRC_A_10	MRC_A_11	MRC_A_12	MRC_A_13	MRC_A_2	MRC_A_3	MRC_A_4	MRC_A_5	MRC_A_6	MRC_A_7	MRC_A_8	MRC_A_9	MRC_Q_0	MRC_Q_1	MRC_Q_10	MRC_Q_11	MRC_Q_12	MRC_Q_13	MRC_Q_2	MRC_Q_3	MRC_Q_4	MRC_Q_5	MRC_Q_6	MRC_Q_7	MRC_Q_8	MRC_Q_9	SOF_time_ts	num_A	num_Q
ACMilan	2.94685260808	1.42168928613	183.692908319	186.95696257	11.7834691582	15.2826727402	0.8333680653	5486.09877293	9.42721614974	210.82260378	22134.503923	1035.07614238	339.533077892	162.871057927	2.85248714902	1.37424036057	175.901539683	178.727604032	12.0840737896	15.2719364098	0.807541550099	5264.39002434	9.0795896283	203.165836948	21288.2950344	1007.70665001	326.079773581	156.406886266	1391727772.0	50	50
appstate	3.12105014078	1.5446435657	194.494321105	197.725119467	15.7824645813	18.6114560925	0.90071762279	5819.67332964	9.94493226392	219.209664003	23564.2037763	1203.91584887	357.311972371	176.432685652	3.05549655535	1.4831271909	191.116646501	194.758221733	15.9745131113	18.2208280567	0.871897020106	5647.29659608	9.70464006637	214.336942229	22905.0340129	1168.02940595	349.942256276	173.523047714	1390010852.0	29	29
appers	2.95617800235	1.4782721203	188.773317945	194.922930665	10.5919107441	16.7361891133	0.850662925537	4929.55497318	9.50304640543	205.944481432	20425.3795129	1161.36248859	345.11033295	171.23487817	3.01430900317	1.47461438701	201.694472783	210.799853412	11.4363484062	16.1813635158	0.860245702841	5211.95366819	9.95526240711	218.930343482	21778.2757717	1260.14196545	368.813300548	182.92688038	1391004894.0	8	8
Africa	2.91787377668	1.39115539392	151.941861024	152.304328837	12.8768789989	18.9325385878	0.786852983954	5367.26203051	8.09648182211	181.71136584	21068.9582907	948.312705657	287.358918032	136.214563317	2.28165324832	1.06480255535	117.626488379	117.992719708	8.55322775166	14.0490373075	0.604919857434	4139.0397551	6.24812976125	141.44822932	16378.5717681	735.109350088	222.562312957	105.875254585	1390239501.0	14	14
AmateurArchives	2.25811579629	1.06879024786	131.021923887	133.409411273	8.75188552673	11.0691167733	0.631731209973	3531.27536638	6.73668026689	143.457065719	14697.0404732	758.419369449	237.879991399	118.085368282	2.38570823421	1.10372734734	145.369013609	151.738040086	13.0342186386	12.132603751	0.650660637351	3593.85097635	7.33554433121	155.307635641	15049.711637	819.649358149	259.055440241	132.275011167	1390484834.0	29	29
APB	2.89587643887	1.40434757842	186.247525936	193.378766524	15.5387379512	17.9022886619	0.836011420305	5657.94789683	9.47102336921	210.188863553	22981.0756978	1187.09523253	346.87235159	169.593671444	2.81445396849	1.36754053953	165.957558627	165.794550972	15.1421999439	16.0577375344	0.78904666014	4976.70563299	8.51685054451	185.489199917	20241.4809888	983.147663705	306.051742274	150.377392843	1379964201.0	5	5
195	2.56150583622	1.26462551942	164.811074617	170.383904143	13.2143907892	14.6972329308	0.735154451861	4745.55982821	8.09751547697	174.542533847	19036.8024505	1078.20327265	292.543639585	151.766542307	2.31832829607	1.12343209496	140.122951123	144.530102996	8.57183550657	10.4156943728	0.677501395198	3529.44422183	7.10894888242	153.382816855	14704.5839924	877.495733175	253.403867755	125.735382031	1390771655.0	8	8
artstore	2.67762504096	1.293943795	163.411144394	167.746701105	12.011621591	13.1639484203	0.749661001396	4412.58027904	8.38679751138	180.589386419	18637.9330038	1074.26604412	299.135574937	148.381368769	2.9168800345	1.37589728945	181.97590217	190.041314875	14.8850477903	13.8015849072	0.821807704849	4844.81098509	9.15199909017	199.047154999	20120.7100852	1113.05636326	332.088055006	164.96201411	1381513526.0	22	22
80smusic	2.31091586485	1.09339138539	151.716263989	151.292764182	12.3575042797	14.8372052562	0.617326377336	4998.84138994	7.22832979803	159.909984231	19090.7892426	856.223498372	268.423857313	137.921623271	2.50780905634	1.17116042376	163.722678434	172.636135489	8.01283420119	14.0131551426	0.696001264763	4543.64825147	7.98463862549	176.844019654	18098.0523158	1089.55995457	289.825128864	148.796588264	1390449427.0	9	9
AnaheimDucks	3.02749272622	1.4044527173	192.925087915	194.380171349	13.1422307542	17.9106680094	0.831316470372	6081.6371455	9.58668913477	214.652156414	24179.4186547	1142.94418923	351.725448093	173.668216927	2.98294877528	1.40068916249	191.695190744	193.483446606	12.0423813193	17.3790718199	0.825380748728	6023.73647191	9.53428666944	213.282421105	23909.9635177	1146.68216762	349.018412017	172.877596785	1391545622.0	61	61
49ers	2.97415886593	1.40263336952	184.561274486	187.3998046	12.9078576695	17.5428027137	0.821355357965	5900.56315642	9.39808431773	208.663652112	23609.2492095	1100.93443872	338.964523325	165.908615119	2.96485999465	1.39605652463	184.066749025	186.620415733	12.9672991324	17.6855049957	0.81678677774	5864.74223878	9.35550486309	206.544670431	23397.8981309	1092.28639742	337.015602144	165.547831106	1390585183.0	620	620
arma3	3.08039141037	1.48840526915	176.751196404	179.848832191	10.5283667959	16.5382390321	0.867303794069	5841.90466268	9.35197043152	213.170923852	23610.3410493	1138.61312614	337.786114058	159.575002678	2.92889675031	1.41609734843	176.700253961	182.135961569	9.97853881808	14.9014494953	0.819710313556	5039.31899489	9.09676721498	201.82075487	20786.9819771	1096.58115622	329.725800823	160.442924115	1389310876.0	17	17
askmath	2.72213807842	1.43376197229	144.784920148	146.87944633	10.307731632	16.6060836989	0.788325530551	5818.16739446	8.07588095263	185.47983779	22826.7840617	1009.88215002	286.650695925	129.63654407	2.72758810042	1.41527981697	141.782366856	142.200800433	9.60247367887	19.7018446223	0.783999827631	6099.03507935	7.92585586199	180.745566517	23671.4306963	1016.28430091	280.350609149	127.729315306	1391434228.0	7	7
Alienware	2.90080167052	1.43481700134	177.234296302	183.069570212	9.82293578483	16.6026254174	0.83263204922	6075.16824063	9.35547999389	213.993589612	24526.9108141	1225.56822986	339.912749191	162.761020764	2.82622057373	1.40683681859	173.646978545	178.281671472	10.752024216	16.8704908974	0.813864264426	5938.26314216	9.15300421965	208.847366707	23972.5409772	1190.56621102	332.686364989	159.918025467	1388417580.0	16	16
abv	2.90407363628	1.44752126409	185.780174678	192.018334647	12.2120063917	15.5306737589	0.846856594577	5141.810797	9.40502473514	213.520191971	21667.0248971	1193.81514972	345.588807898	170.232626302	3.1078432899	1.51884493958	184.569670409	185.812652425	15.3815234983	19.406393213	0.884480570426	5883.93766239	9.22246905	206.791106893	23939.5435357	1142.74454104	340.246160572	170.851594437	1392101110.0	2	2
AnnArbor	3.032234321	1.47904676766	183.409712152	184.559762317	16.1592339606	18.5699630211	0.860151758938	5403.74671736	9.24519611881	202.95145518	21942.4690762	1084.13959326	334.236031646	166.448743368	2.99687375996	1.45365418924	184.999233496	187.537164918	15.5622875539	18.1035844422	0.854056496278	5382.39632917	9.30650965031	204.223803681	21835.2155896	1112.76716516	336.250060087	168.060523531	1388958623.0	58	58
AnnArbor	3.03406161857	1.48071643209	185.006156004	186.381335498	16.0460157613	18.5205167127	0.862327871201	5391.6224011	9.31073972303	204.123078588	21904.9087478	1095.0062474	336.434017729	167.900843962	3.02257309585	1.46869819186	188.055619947	191.006141052	15.2102165635	17.7228502319	0.862080390514	5441.73727979	9.4625902781	208.054015309	22109.0402493	1137.14135858	342.353592993	170.795396296	1388958623.0	84	84
AnnArbor	3.03406161857	1.48071643209	185.006156004	186.381335498	16.0460157613	18.5205167127	0.862327871201	5391.6224011	9.31073972303	204.123078588	21904.9087478	1095.0062474	336.434017729	167.900843962	3.02257309585	1.46869819186	188.055619947	191.006141052	15.2102165635	17.7228502319	0.862080390514	5441.73727979	9.4625902781	208.054015309	22109.0402493	1137.14135858	342.353592993	170.795396296	1388958623.0	84	84
AnnArbor	3.032234321	1.47904676766	183.409712152	184.559762317	16.1592339606	18.5699630211	0.860151758938	5403.74671736	9.24519611881	202.95145518	21942.4690762	1084.13959326	334.236031646	166.448743368	2.99687375996	1.45365418924	184.999233496	187.537164918	15.5622875539	18.1035844422	0.854056496278	5382.39632917	9.30650965031	204.223803681	21835.2155896	1112.76716516	336.250060087	168.060523531	1388958623.0	58	58
